E:/5-3D models/1-ĎĐÓăśŠľĽ/XV-15˝°Ňś×ÜłÉ/ŇíĐÍĘýžÝ/NACA64-118.dat
 99.75	0	0.019
99.408	0	0.047
98.867	0	0.094
98.29	0	0.149
97.674	0	0.213
97.02	0	0.287
96.329	0	0.371
95.604	0	0.464
94.846	0	0.568
94.059	0	0.681
93.246	0	0.802
92.41	0	0.932
91.554	0	1.069
90.681	0	1.214
89.795	0	1.365
88.897	0	1.522
87.988	0	1.684
87.071	0	1.851
86.145	0	2.023
85.213	0	2.199
84.275	0	2.378
83.332	0	2.561
82.383	0	2.747
81.431	0	2.936
80.473	0	3.128
79.51	0	3.321
78.544	0	3.517
77.574	0	3.714
76.601	0	3.912
75.627	0	4.111
74.654	0	4.309
73.682	0	4.507
72.711	0	4.704
71.744	0	4.899
70.779	0	5.093
69.817	0	5.284
68.859	0	5.474
67.903	0	5.661
66.95	0	5.846
66.001	0	6.028
65.053	0	6.207
64.109	0	6.383
63.166	0	6.557
62.227	0	6.727
61.29	0	6.894
60.356	0	7.057
59.425	0	7.217
58.496	0	7.372
57.57	0	7.524
56.647	0	7.672
55.727	0	7.815
54.81	0	7.954
53.895	0	8.089
52.983	0	8.218
52.075	0	8.343
51.171	0	8.463
50.269	0	8.577
49.371	0	8.686
48.476	0	8.789
47.586	0	8.887
46.7	0	8.979
45.818	0	9.064
44.941	0	9.143
44.069	0	9.216
43.203	0	9.282
42.343	0	9.34
41.489	0	9.391
40.64	0	9.435
39.795	0	9.47
38.954	0	9.496
38.114	0	9.514
37.275	0	9.523
36.433	0	9.523
35.588	0	9.515
34.739	0	9.5
33.886	0	9.476
33.029	0	9.446
32.166	0	9.408
31.3	0	9.364
30.432	0	9.314
29.564	0	9.258
28.695	0	9.195
27.827	0	9.126
26.959	0	9.051
26.093	0	8.969
25.23	0	8.882
24.369	0	8.788
23.51	0	8.687
22.654	0	8.58
21.801	0	8.467
20.952	0	8.347
20.107	0	8.222
19.268	0	8.09
18.434	0	7.952
17.607	0	7.807
16.788	0	7.657
15.978	0	7.501
15.178	0	7.34
14.39	0	7.173
13.616	0	7.002
12.856	0	6.825
12.114	0	6.645
11.391	0	6.461
10.69	0	6.275
10.013	0	6.088
9.363	0	5.899
8.742	0	5.712
8.151	0	5.526
7.593	0	5.342
7.066	0	5.162
6.571	0	4.984
6.107	0	4.811
5.672	0	4.641
5.265	0	4.476
4.885	0	4.314
4.53	0	4.157
4.198	0	4.004
3.887	0	3.855
3.597	0	3.711
3.325	0	3.571
3.069	0	3.436
2.83	0	3.304
2.606	0	3.176
2.394	0	3.051
2.195	0	2.93
2.008	0	2.812
1.832	0	2.696
1.666	0	2.583
1.509	0	2.471
1.362	0	2.36
1.224	0	2.25
1.095	0	2.14
0.973	0	2.031
0.859	0	1.922
0.753	0	1.813
0.654	0	1.704
0.562	0	1.594
0.478	0	1.484
0.401	0	1.373
0.332	0	1.261
0.269	0	1.149
0.214	0	1.037
0.165	0	0.925
0.123	0	0.813
0.087	0	0.701
0.057	0	0.59
0.034	0	0.48
0.017	0	0.371
0.005	0	0.263
-0.001	0	0.155
-0.001	0	0.049
0.003	0	-0.058
0.014	0	-0.164
0.03	0	-0.273
0.052	0	-0.382
0.08	0	-0.492
0.115	0	-0.603
0.156	0	-0.714
0.205	0	-0.824
0.26	0	-0.935
0.322	0	-1.045
0.391	0	-1.155
0.467	0	-1.263
0.551	0	-1.371
0.64	0	-1.48
0.738	0	-1.587
0.842	0	-1.693
0.955	0	-1.798
1.075	0	-1.903
1.203	0	-2.008
1.34	0	-2.112
1.484	0	-2.217
1.639	0	-2.322
1.803	0	-2.427
1.977	0	-2.534
2.161	0	-2.642
2.358	0	-2.752
2.566	0	-2.865
2.787	0	-2.981
3.022	0	-3.1
3.273	0	-3.223
3.54	0	-3.349
3.825	0	-3.478
4.13	0	-3.612
4.455	0	-3.749
4.804	0	-3.891
5.177	0	-4.036
5.576	0	-4.184
6.003	0	-4.336
6.46	0	-4.491
6.948	0	-4.65
7.469	0	-4.812
8.023	0	-4.976
8.609	0	-5.143
9.228	0	-5.311
9.879	0	-5.481
10.559	0	-5.65
11.265	0	-5.818
11.994	0	-5.983
12.744	0	-6.146
13.512	0	-6.304
14.297	0	-6.459
15.096	0	-6.609
15.907	0	-6.754
16.729	0	-6.893
17.561	0	-7.027
18.401	0	-7.156
19.247	0	-7.279
20.098	0	-7.396
20.955	0	-7.506
21.816	0	-7.611
22.681	0	-7.711
23.549	0	-7.804
24.419	0	-7.891
25.291	0	-7.972
26.165	0	-8.047
27.042	0	-8.116
27.92	0	-8.179
28.798	0	-8.236
29.676	0	-8.288
30.554	0	-8.333
31.431	0	-8.373
32.306	0	-8.407
33.177	0	-8.434
34.043	0	-8.456
34.904	0	-8.47
35.76	0	-8.477
36.612	0	-8.476
37.46	0	-8.467
38.307	0	-8.45
39.153	0	-8.424
40.002	0	-8.39
40.854	0	-8.348
41.711	0	-8.298
42.574	0	-8.24
43.442	0	-8.175
44.317	0	-8.103
45.198	0	-8.024
46.084	0	-7.939
46.975	0	-7.849
47.87	0	-7.753
48.77	0	-7.651
49.674	0	-7.543
50.582	0	-7.431
51.494	0	-7.314
52.408	0	-7.192
53.327	0	-7.065
54.25	0	-6.933
55.175	0	-6.798
56.103	0	-6.658
57.035	0	-6.514
57.969	0	-6.367
58.908	0	-6.216
59.849	0	-6.062
60.792	0	-5.904
61.739	0	-5.743
62.689	0	-5.579
63.643	0	-5.413
64.599	0	-5.244
65.558	0	-5.073
66.519	0	-4.899
67.483	0	-4.724
68.451	0	-4.546
69.421	0	-4.367
70.394	0	-4.186
71.37	0	-4.004
72.347	0	-3.822
73.325	0	-3.639
74.302	0	-3.457
75.276	0	-3.275
76.247	0	-3.095
77.213	0	-2.916
78.176	0	-2.74
79.133	0	-2.566
80.086	0	-2.395
81.033	0	-2.226
81.974	0	-2.062
82.91	0	-1.901
83.841	0	-1.744
84.766	0	-1.591
85.684	0	-1.443
86.594	0	-1.299
87.497	0	-1.161
88.391	0	-1.029
89.273	0	-0.902
90.145	0	-0.782
91.002	0	-0.67
91.844	0	-0.564
92.668	0	-0.466
93.471	0	-0.377
94.25	0	-0.296
95.005	0	-0.224
95.731	0	-0.161
96.425	0	-0.108
97.087	0	-0.064
97.714	0	-0.031
98.309	0	-0.008
98.873	0	0.005
99.408	0	0.011
99.75	0	0.01

