NACA64-528.dat
 99.858	0	-1.008
99.448	0	-0.897
98.802	0	-0.722
98.118	0	-0.535
97.395	0	-0.333
96.635	0	-0.118
95.838	0	0.114
95.004	0	0.363
94.129	0	0.63
93.214	0	0.916
92.259	0	1.22
91.267	0	1.541
90.238	0	1.88
89.175	0	2.235
88.079	0	2.605
86.952	0	2.991
85.798	0	3.389
84.619	0	3.8
83.418	0	4.221
82.199	0	4.649
80.967	0	5.085
79.725	0	5.524
78.481	0	5.964
77.238	0	6.402
76.002	0	6.836
74.775	0	7.263
73.559	0	7.683
72.353	0	8.095
71.158	0	8.499
69.975	0	8.894
68.804	0	9.278
67.644	0	9.653
66.495	0	10.018
65.357	0	10.372
64.228	0	10.716
63.11	0	11.05
62.002	0	11.373
60.904	0	11.685
59.817	0	11.986
58.74	0	12.276
57.673	0	12.554
56.616	0	12.822
55.571	0	13.077
54.535	0	13.32
53.51	0	13.552
52.495	0	13.772
51.492	0	13.98
50.5	0	14.175
49.518	0	14.358
48.547	0	14.529
47.589	0	14.688
46.641	0	14.834
45.705	0	14.968
44.78	0	15.09
43.867	0	15.198
42.966	0	15.294
42.076	0	15.377
41.195	0	15.446
40.324	0	15.502
39.46	0	15.543
38.601	0	15.571
37.745	0	15.584
36.89	0	15.582
36.034	0	15.566
35.174	0	15.537
34.311	0	15.495
33.443	0	15.441
32.571	0	15.374
31.694	0	15.296
30.814	0	15.207
29.933	0	15.108
29.052	0	14.998
28.173	0	14.877
27.296	0	14.747
26.423	0	14.606
25.555	0	14.455
24.693	0	14.294
23.838	0	14.124
22.991	0	13.944
22.153	0	13.756
21.325	0	13.558
20.508	0	13.353
19.703	0	13.141
18.912	0	12.921
18.135	0	12.695
17.374	0	12.463
16.63	0	12.226
15.903	0	11.984
15.195	0	11.739
14.506	0	11.491
13.838	0	11.24
13.191	0	10.987
12.564	0	10.733
11.959	0	10.479
11.375	0	10.225
10.813	0	9.972
10.273	0	9.72
9.754	0	9.469
9.256	0	9.221
8.778	0	8.976
8.321	0	8.733
7.884	0	8.494
7.466	0	8.258
7.067	0	8.025
6.685	0	7.796
6.32	0	7.57
5.972	0	7.347
5.639	0	7.127
5.32	0	6.91
5.016	0	6.697
4.726	0	6.486
4.448	0	6.278
4.183	0	6.073
3.93	0	5.871
3.687	0	5.671
3.455	0	5.474
3.232	0	5.28
3.02	0	5.089
2.816	0	4.9
2.621	0	4.715
2.434	0	4.532
2.255	0	4.351
2.083	0	4.173
1.919	0	3.997
1.762	0	3.824
1.612	0	3.653
1.468	0	3.484
1.331	0	3.317
1.201	0	3.151
1.077	0	2.986
0.96	0	2.823
0.85	0	2.66
0.747	0	2.498
0.649	0	2.338
0.559	0	2.177
0.474	0	2.017
0.396	0	1.858
0.324	0	1.7
0.259	0	1.542
0.2	0	1.384
0.149	0	1.227
0.113	0	1.068
0.081	0	0.91
0.055	0	0.753
0.035	0	0.597
0.019	0	0.442
0.008	0	0.289
0.002	0	0.137
0	0	-0.014
0.003	0	-0.165
0.011	0	-0.317
0.024	0	-0.47
0.041	0	-0.624
0.063	0	-0.779
0.09	0	-0.934
0.123	0	-1.088
0.161	0	-1.243
0.204	0	-1.398
0.253	0	-1.552
0.308	0	-1.706
0.368	0	-1.86
0.434	0	-2.012
0.506	0	-2.163
0.585	0	-2.314
0.669	0	-2.462
0.758	0	-2.61
0.855	0	-2.756
0.956	0	-2.9
1.064	0	-3.043
1.168	0	-3.191
1.28	0	-3.338
1.398	0	-3.485
1.523	0	-3.631
1.655	0	-3.776
1.794	0	-3.92
1.94	0	-4.063
2.094	0	-4.205
2.255	0	-4.347
2.425	0	-4.489
2.602	0	-4.631
2.786	0	-4.773
2.979	0	-4.915
3.179	0	-5.059
3.388	0	-5.204
3.605	0	-5.351
3.831	0	-5.499
4.067	0	-5.649
4.312	0	-5.8
4.568	0	-5.954
4.834	0	-6.108
5.112	0	-6.265
5.401	0	-6.423
5.704	0	-6.583
6.019	0	-6.744
6.35	0	-6.906
6.695	0	-7.07
7.057	0	-7.236
7.435	0	-7.403
7.831	0	-7.572
8.246	0	-7.742
8.681	0	-7.915
9.137	0	-8.09
9.614	0	-8.266
10.115	0	-8.445
10.639	0	-8.626
11.188	0	-8.809
11.761	0	-8.992
12.36	0	-9.177
12.985	0	-9.362
13.635	0	-9.546
14.311	0	-9.731
15.012	0	-9.914
15.738	0	-10.095
16.489	0	-10.273
17.263	0	-10.448
18.059	0	-10.62
18.877	0	-10.787
19.713	0	-10.948
20.567	0	-11.104
21.437	0	-11.253
22.322	0	-11.394
23.219	0	-11.529
24.127	0	-11.655
25.044	0	-11.772
25.969	0	-11.881
26.901	0	-11.98
27.838	0	-12.069
28.778	0	-12.15
29.72	0	-12.22
30.662	0	-12.281
31.604	0	-12.332
32.542	0	-12.374
33.474	0	-12.405
34.399	0	-12.426
35.317	0	-12.435
36.228	0	-12.431
37.134	0	-12.415
38.037	0	-12.385
38.938	0	-12.34
39.843	0	-12.28
40.754	0	-12.205
41.674	0	-12.116
42.606	0	-12.013
43.551	0	-11.896
44.511	0	-11.765
45.487	0	-11.622
46.48	0	-11.466
47.488	0	-11.297
48.513	0	-11.116
49.554	0	-10.923
50.613	0	-10.717
51.688	0	-10.5
52.778	0	-10.271
53.887	0	-10.03
55.013	0	-9.779
56.155	0	-9.516
57.314	0	-9.242
58.49	0	-8.958
59.682	0	-8.665
60.89	0	-8.362
62.115	0	-8.051
63.354	0	-7.731
64.607	0	-7.405
65.871	0	-7.073
67.144	0	-6.736
68.423	0	-6.396
69.703	0	-6.056
70.976	0	-5.717
72.237	0	-5.383
73.482	0	-5.055
74.708	0	-4.736
75.913	0	-4.425
77.096	0	-4.125
78.255	0	-3.836
79.39	0	-3.559
80.501	0	-3.294
81.587	0	-3.042
82.648	0	-2.804
83.685	0	-2.579
84.698	0	-2.368
85.685	0	-2.17
86.648	0	-1.986
87.585	0	-1.815
88.496	0	-1.659
89.383	0	-1.516
90.244	0	-1.386
91.08	0	-1.27
91.892	0	-1.168
92.679	0	-1.078
93.442	0	-1.002
94.183	0	-0.938
94.903	0	-0.888
95.603	0	-0.851
96.283	0	-0.826
96.942	0	-0.815
97.583	0	-0.821
98.209	0	-0.848
98.827	0	-0.895
99.443	0	-0.963
99.855	0	-1.021

